[1,   200] loss: 0.380
[1,   400] loss: 0.093
[1,   600] loss: 0.068
[1,   800] loss: 0.060
[1,  1000] loss: 0.054
[1,  1200] loss: 0.050
[1,  1400] loss: 0.051
[1,  1600] loss: 0.049
[1,  1800] loss: 0.048
[1,  2000] loss: 0.046
[1,  2200] loss: 0.046
[1,  2400] loss: 0.046
[1,  2600] loss: 0.047
[1,  2800] loss: 0.046
[1,  3000] loss: 0.046
test loss: 0.0347
[1,  3200] loss: 0.046
[1,  3400] loss: 0.043
[1,  3600] loss: 0.044
[1,  3800] loss: 0.043
[1,  4000] loss: 0.043
[1,  4200] loss: 0.043
[1,  4400] loss: 0.044
[1,  4600] loss: 0.042
[1,  4800] loss: 0.044
[1,  5000] loss: 0.042
[1,  5200] loss: 0.041
[1,  5400] loss: 0.043
[1,  5600] loss: 0.041
[1,  5800] loss: 0.043
[1,  6000] loss: 0.041
test loss: 0.0465
[1,  6200] loss: 0.043
[1,  6400] loss: 0.042
[1,  6600] loss: 0.042
[1,  6800] loss: 0.041
[1,  7000] loss: 0.041
[1,  7200] loss: 0.041
[1,  7400] loss: 0.039
[1,  7600] loss: 0.042
[1,  7800] loss: 0.043
[1,  8000] loss: 0.043
[1,  8200] loss: 0.039
[1,  8400] loss: 0.043
[1,  8600] loss: 0.040
[1,  8800] loss: 0.041
[1,  9000] loss: 0.040
test loss: 0.037
[1,  9200] loss: 0.041
[1,  9400] loss: 0.040
[1,  9600] loss: 0.041
[1,  9800] loss: 0.040
[1, 10000] loss: 0.043
[1, 10200] loss: 0.039
[1, 10400] loss: 0.039
[1, 10600] loss: 0.040
[1, 10800] loss: 0.039
[1, 11000] loss: 0.037
[1, 11200] loss: 0.038
[1, 11400] loss: 0.040
[1, 11600] loss: 0.040
[1, 11800] loss: 0.041
[1, 12000] loss: 0.041
test loss: 0.0386
[1, 12200] loss: 0.041
[1, 12400] loss: 0.041
[1, 12600] loss: 0.039
[1, 12800] loss: 0.039
[1, 13000] loss: 0.038
[1, 13200] loss: 0.040
[1, 13400] loss: 0.038
[1, 13600] loss: 0.040
[1, 13800] loss: 0.040
[1, 14000] loss: 0.040
[1, 14200] loss: 0.039
[1, 14400] loss: 0.038
[1, 14600] loss: 0.037
[1, 14800] loss: 0.040
[1, 15000] loss: 0.039
test loss: 0.0339
[1, 15200] loss: 0.040
[1, 15400] loss: 0.039
[1, 15600] loss: 0.040
[1, 15800] loss: 0.039
[1, 16000] loss: 0.039
[1, 16200] loss: 0.039
[1, 16400] loss: 0.038
[1, 16600] loss: 0.039
[1, 16800] loss: 0.039
[1, 17000] loss: 0.040
[1, 17200] loss: 0.038
[1, 17400] loss: 0.040
[1, 17600] loss: 0.039
[1, 17800] loss: 0.038
[1, 18000] loss: 0.038
test loss: 0.0358
[1, 18200] loss: 0.039
[1, 18400] loss: 0.037
[1, 18600] loss: 0.035
[1, 18800] loss: 0.037
[1, 19000] loss: 0.041
[1, 19200] loss: 0.036
[1, 19400] loss: 0.039
[1, 19600] loss: 0.038
[1, 19800] loss: 0.039
[1, 20000] loss: 0.038
[1, 20200] loss: 0.037
[1, 20400] loss: 0.038
[1, 20600] loss: 0.037
[1, 20800] loss: 0.038
[1, 21000] loss: 0.038
test loss: 0.04
[1, 21200] loss: 0.037
[1, 21400] loss: 0.038
[1, 21600] loss: 0.038
[1, 21800] loss: 0.038
[1, 22000] loss: 0.036
[1, 22200] loss: 0.039
[1, 22400] loss: 0.037
[1, 22600] loss: 0.037
[1, 22800] loss: 0.038
[1, 23000] loss: 0.038
[1, 23200] loss: 0.037
[1, 23400] loss: 0.039
[1, 23600] loss: 0.036
[1, 23800] loss: 0.036
[1, 24000] loss: 0.036
test loss: 0.0384
[1, 24200] loss: 0.037
[1, 24400] loss: 0.039
[1, 24600] loss: 0.039
[1, 24800] loss: 0.038
[1, 25000] loss: 0.038
[1, 25200] loss: 0.038
[1, 25400] loss: 0.037
[1, 25600] loss: 0.036
[1, 25800] loss: 0.037
[1, 26000] loss: 0.038
[1, 26200] loss: 0.037
[1, 26400] loss: 0.037
[1, 26600] loss: 0.036
[1, 26800] loss: 0.037
[1, 27000] loss: 0.037
test loss: 0.0404
[1, 27200] loss: 0.037
[1, 27400] loss: 0.037
[1, 27600] loss: 0.038
[1, 27800] loss: 0.038
[1, 28000] loss: 0.036
[1, 28200] loss: 0.037
[1, 28400] loss: 0.037
[1, 28600] loss: 0.036
[1, 28800] loss: 0.037
[1, 29000] loss: 0.038
[1, 29200] loss: 0.038
[1, 29400] loss: 0.038
[1, 29600] loss: 0.036
[1, 29800] loss: 0.037
[1, 30000] loss: 0.036
test loss: 0.0404
[1, 30200] loss: 0.035
[1, 30400] loss: 0.036
[1, 30600] loss: 0.036
[1, 30800] loss: 0.039
[1, 31000] loss: 0.037
[1, 31200] loss: 0.037
[1, 31400] loss: 0.036
[1, 31600] loss: 0.038
[1, 31800] loss: 0.037
[1, 32000] loss: 0.037
[1, 32200] loss: 0.035
[1, 32400] loss: 0.038
[1, 32600] loss: 0.037
[1, 32800] loss: 0.036
[1, 33000] loss: 0.038
test loss: 0.0284
[1, 33200] loss: 0.036
[1, 33400] loss: 0.036
[1, 33600] loss: 0.035
[1, 33800] loss: 0.035
[1, 34000] loss: 0.036
[1, 34200] loss: 0.036
[1, 34400] loss: 0.036
[1, 34600] loss: 0.037
[1, 34800] loss: 0.039
[1, 35000] loss: 0.035
[1, 35200] loss: 0.036
[1, 35400] loss: 0.035
[1, 35600] loss: 0.036
[1, 35800] loss: 0.037
[1, 36000] loss: 0.034
test loss: 0.0337
[1, 36200] loss: 0.035
[1, 36400] loss: 0.037
[1, 36600] loss: 0.036
[1, 36800] loss: 0.036
[1, 37000] loss: 0.036
[1, 37200] loss: 0.035
[1, 37400] loss: 0.035
[1, 37600] loss: 0.035
[1, 37800] loss: 0.035
[1, 38000] loss: 0.036
[1, 38200] loss: 0.036
[1, 38400] loss: 0.035
[1, 38600] loss: 0.035
[1, 38800] loss: 0.037
[1, 39000] loss: 0.035
test loss: 0.0314
[1, 39200] loss: 0.036
[1, 39400] loss: 0.035
[1, 39600] loss: 0.036
[1, 39800] loss: 0.035
[1, 40000] loss: 0.035
[1, 40200] loss: 0.034
[1, 40400] loss: 0.037
[1, 40600] loss: 0.036
[1, 40800] loss: 0.035
[1, 41000] loss: 0.035
[1, 41200] loss: 0.034
[1, 41400] loss: 0.034
[1, 41600] loss: 0.035
[1, 41800] loss: 0.036
[1, 42000] loss: 0.036
test loss: 0.0363
[1, 42200] loss: 0.034
[1, 42400] loss: 0.034
[1, 42600] loss: 0.034
[1, 42800] loss: 0.035
[1, 43000] loss: 0.035
[1, 43200] loss: 0.034
[1, 43400] loss: 0.035
[1, 43600] loss: 0.034
[1, 43800] loss: 0.035
[1, 44000] loss: 0.035
[1, 44200] loss: 0.034
[1, 44400] loss: 0.034
[1, 44600] loss: 0.034
[1, 44800] loss: 0.034
[1, 45000] loss: 0.035
test loss: 0.0313
[1, 45200] loss: 0.035
[1, 45400] loss: 0.034
[1, 45600] loss: 0.036
[1, 45800] loss: 0.036
[1, 46000] loss: 0.036
[1, 46200] loss: 0.037
[1, 46400] loss: 0.036
[1, 46600] loss: 0.034
[1, 46800] loss: 0.035
[1, 47000] loss: 0.037
[1, 47200] loss: 0.035
[1, 47400] loss: 0.035
[1, 47600] loss: 0.034
[1, 47800] loss: 0.034
[1, 48000] loss: 0.037
test loss: 0.0333
[1, 48200] loss: 0.034
[1, 48400] loss: 0.036
[1, 48600] loss: 0.036
[1, 48800] loss: 0.034
[1, 49000] loss: 0.037
[1, 49200] loss: 0.037
[1, 49400] loss: 0.034
[1, 49600] loss: 0.035
[1, 49800] loss: 0.035
[1, 50000] loss: 0.034
[1, 50200] loss: 0.033
[1, 50400] loss: 0.035
[1, 50600] loss: 0.035
[1, 50800] loss: 0.034
[1, 51000] loss: 0.035
test loss: 0.0314
[1, 51200] loss: 0.035
[1, 51400] loss: 0.035
[1, 51600] loss: 0.034
[1, 51800] loss: 0.033
[1, 52000] loss: 0.035
[1, 52200] loss: 0.034
[1, 52400] loss: 0.033
[1, 52600] loss: 0.033
[1, 52800] loss: 0.035
[1, 53000] loss: 0.037
[1, 53200] loss: 0.034
[1, 53400] loss: 0.034
[1, 53600] loss: 0.034
[1, 53800] loss: 0.033
[1, 54000] loss: 0.033
test loss: 0.0357
[1, 54200] loss: 0.035
[1, 54400] loss: 0.034
[1, 54600] loss: 0.033
[1, 54800] loss: 0.033
[1, 55000] loss: 0.034
[1, 55200] loss: 0.034
[1, 55400] loss: 0.034
[1, 55600] loss: 0.034
[1, 55800] loss: 0.034
[1, 56000] loss: 0.035
[1, 56200] loss: 0.032
[1, 56400] loss: 0.034
[1, 56600] loss: 0.033
[2,   200] loss: 0.034
[2,   400] loss: 0.033
[2,   600] loss: 0.033
[2,   800] loss: 0.032
[2,  1000] loss: 0.033
[2,  1200] loss: 0.034
[2,  1400] loss: 0.034
[2,  1600] loss: 0.033
[2,  1800] loss: 0.034
[2,  2000] loss: 0.034
[2,  2200] loss: 0.035
[2,  2400] loss: 0.035
[2,  2600] loss: 0.035
[2,  2800] loss: 0.033
[2,  3000] loss: 0.033
test loss: 0.0318
[2,  3200] loss: 0.033
[2,  3400] loss: 0.031
[2,  3600] loss: 0.034
[2,  3800] loss: 0.032
[2,  4000] loss: 0.033
[2,  4200] loss: 0.034
[2,  4400] loss: 0.033
[2,  4600] loss: 0.034
[2,  4800] loss: 0.034
[2,  5000] loss: 0.032
[2,  5200] loss: 0.034
[2,  5400] loss: 0.033
[2,  5600] loss: 0.035
[2,  5800] loss: 0.034
[2,  6000] loss: 0.034
test loss: 0.0433
[2,  6200] loss: 0.033
[2,  6400] loss: 0.033
[2,  6600] loss: 0.034
[2,  6800] loss: 0.034
[2,  7000] loss: 0.032
[2,  7200] loss: 0.032
[2,  7400] loss: 0.034
[2,  7600] loss: 0.033
[2,  7800] loss: 0.034
[2,  8000] loss: 0.034
[2,  8200] loss: 0.032
[2,  8400] loss: 0.032
[2,  8600] loss: 0.033
[2,  8800] loss: 0.034
[2,  9000] loss: 0.033
test loss: 0.0342
[2,  9200] loss: 0.032
[2,  9400] loss: 0.032
[2,  9600] loss: 0.034
[2,  9800] loss: 0.035
[2, 10000] loss: 0.033
[2, 10200] loss: 0.032
[2, 10400] loss: 0.033
[2, 10600] loss: 0.033
[2, 10800] loss: 0.033
[2, 11000] loss: 0.034
[2, 11200] loss: 0.033
[2, 11400] loss: 0.033
[2, 11600] loss: 0.033
[2, 11800] loss: 0.033
[2, 12000] loss: 0.033
test loss: 0.0247
[2, 12200] loss: 0.034
[2, 12400] loss: 0.033
[2, 12600] loss: 0.033
[2, 12800] loss: 0.032
[2, 13000] loss: 0.034
[2, 13200] loss: 0.031
[2, 13400] loss: 0.035
[2, 13600] loss: 0.033
[2, 13800] loss: 0.032
[2, 14000] loss: 0.033
[2, 14200] loss: 0.031
[2, 14400] loss: 0.032
[2, 14600] loss: 0.033
[2, 14800] loss: 0.034
[2, 15000] loss: 0.033
test loss: 0.0325
[2, 15200] loss: 0.035
[2, 15400] loss: 0.033
[2, 15600] loss: 0.033
[2, 15800] loss: 0.033
[2, 16000] loss: 0.033
[2, 16200] loss: 0.032
[2, 16400] loss: 0.033
[2, 16600] loss: 0.032
[2, 16800] loss: 0.033
[2, 17000] loss: 0.033
[2, 17200] loss: 0.032
[2, 17400] loss: 0.032
[2, 17600] loss: 0.032
[2, 17800] loss: 0.031
[2, 18000] loss: 0.033
test loss: 0.0329
[2, 18200] loss: 0.034
[2, 18400] loss: 0.032
[2, 18600] loss: 0.032
[2, 18800] loss: 0.034
[2, 19000] loss: 0.033
[2, 19200] loss: 0.033
[2, 19400] loss: 0.032
[2, 19600] loss: 0.032
[2, 19800] loss: 0.032
[2, 20000] loss: 0.033
[2, 20200] loss: 0.033
[2, 20400] loss: 0.033
[2, 20600] loss: 0.033
[2, 20800] loss: 0.032
[2, 21000] loss: 0.032
test loss: 0.0408
[2, 21200] loss: 0.031
[2, 21400] loss: 0.032
[2, 21600] loss: 0.031
[2, 21800] loss: 0.033
[2, 22000] loss: 0.033
[2, 22200] loss: 0.031
[2, 22400] loss: 0.033
[2, 22600] loss: 0.031
[2, 22800] loss: 0.033
[2, 23000] loss: 0.033
[2, 23200] loss: 0.031
[2, 23400] loss: 0.033
[2, 23600] loss: 0.031
[2, 23800] loss: 0.031
[2, 24000] loss: 0.033
test loss: 0.0316
[2, 24200] loss: 0.031
[2, 24400] loss: 0.032
[2, 24600] loss: 0.032
[2, 24800] loss: 0.032
[2, 25000] loss: 0.033
[2, 25200] loss: 0.034
[2, 25400] loss: 0.032
[2, 25600] loss: 0.033
[2, 25800] loss: 0.032
[2, 26000] loss: 0.032
[2, 26200] loss: 0.032
[2, 26400] loss: 0.033
[2, 26600] loss: 0.032
[2, 26800] loss: 0.032
[2, 27000] loss: 0.032
test loss: 0.0347
[2, 27200] loss: 0.034
[2, 27400] loss: 0.033
[2, 27600] loss: 0.033
[2, 27800] loss: 0.033
[2, 28000] loss: 0.033
[2, 28200] loss: 0.030
[2, 28400] loss: 0.030
[2, 28600] loss: 0.034
[2, 28800] loss: 0.031
[2, 29000] loss: 0.033
[2, 29200] loss: 0.031
[2, 29400] loss: 0.033
[2, 29600] loss: 0.031
[2, 29800] loss: 0.032
[2, 30000] loss: 0.031
test loss: 0.0309
[2, 30200] loss: 0.033
[2, 30400] loss: 0.033
[2, 30600] loss: 0.032
[2, 30800] loss: 0.031
[2, 31000] loss: 0.032
[2, 31200] loss: 0.031
[2, 31400] loss: 0.033
[2, 31600] loss: 0.031
[2, 31800] loss: 0.031
[2, 32000] loss: 0.032
[2, 32200] loss: 0.032
[2, 32400] loss: 0.032
[2, 32600] loss: 0.032
[2, 32800] loss: 0.032
[2, 33000] loss: 0.034
test loss: 0.0288
[2, 33200] loss: 0.032
[2, 33400] loss: 0.033
[2, 33600] loss: 0.031
[2, 33800] loss: 0.031
[2, 34000] loss: 0.033
[2, 34200] loss: 0.033
[2, 34400] loss: 0.032
[2, 34600] loss: 0.033
[2, 34800] loss: 0.032
[2, 35000] loss: 0.031
[2, 35200] loss: 0.031
[2, 35400] loss: 0.031
[2, 35600] loss: 0.031
[2, 35800] loss: 0.032
[2, 36000] loss: 0.032
test loss: 0.0444
[2, 36200] loss: 0.030
[2, 36400] loss: 0.030
[2, 36600] loss: 0.031
[2, 36800] loss: 0.032
[2, 37000] loss: 0.031
[2, 37200] loss: 0.030
[2, 37400] loss: 0.031
[2, 37600] loss: 0.032
[2, 37800] loss: 0.031
[2, 38000] loss: 0.031
[2, 38200] loss: 0.030
[2, 38400] loss: 0.032
[2, 38600] loss: 0.031
[2, 38800] loss: 0.032
[2, 39000] loss: 0.033
test loss: 0.0343
[2, 39200] loss: 0.032
[2, 39400] loss: 0.033
[2, 39600] loss: 0.030
[2, 39800] loss: 0.030
[2, 40000] loss: 0.033
[2, 40200] loss: 0.032
[2, 40400] loss: 0.032
[2, 40600] loss: 0.033
[2, 40800] loss: 0.031
[2, 41000] loss: 0.032
[2, 41200] loss: 0.030
[2, 41400] loss: 0.033
[2, 41600] loss: 0.032
[2, 41800] loss: 0.033
[2, 42000] loss: 0.031
test loss: 0.0322
[2, 42200] loss: 0.032
[2, 42400] loss: 0.033
[2, 42600] loss: 0.031
[2, 42800] loss: 0.031
[2, 43000] loss: 0.032
[2, 43200] loss: 0.031
[2, 43400] loss: 0.033
[2, 43600] loss: 0.032
[2, 43800] loss: 0.030
[2, 44000] loss: 0.031
[2, 44200] loss: 0.032
[2, 44400] loss: 0.032
[2, 44600] loss: 0.032
[2, 44800] loss: 0.030
[2, 45000] loss: 0.032
test loss: 0.036
[2, 45200] loss: 0.032
[2, 45400] loss: 0.030
[2, 45600] loss: 0.031
[2, 45800] loss: 0.031
[2, 46000] loss: 0.032
[2, 46200] loss: 0.033
[2, 46400] loss: 0.029
[2, 46600] loss: 0.030
[2, 46800] loss: 0.031
[2, 47000] loss: 0.032
[2, 47200] loss: 0.030
[2, 47400] loss: 0.030
[2, 47600] loss: 0.030
[2, 47800] loss: 0.031
[2, 48000] loss: 0.031
test loss: 0.0279
[2, 48200] loss: 0.031
[2, 48400] loss: 0.032
[2, 48600] loss: 0.031
[2, 48800] loss: 0.032
[2, 49000] loss: 0.030
[2, 49200] loss: 0.031
[2, 49400] loss: 0.030
[2, 49600] loss: 0.032
[2, 49800] loss: 0.029
[2, 50000] loss: 0.030
[2, 50200] loss: 0.031
[2, 50400] loss: 0.031
[2, 50600] loss: 0.031
[2, 50800] loss: 0.031
[2, 51000] loss: 0.031
test loss: 0.0253
[2, 51200] loss: 0.031
[2, 51400] loss: 0.031
[2, 51600] loss: 0.031
[2, 51800] loss: 0.031
[2, 52000] loss: 0.031
[2, 52200] loss: 0.031
[2, 52400] loss: 0.030
[2, 52600] loss: 0.030
[2, 52800] loss: 0.030
[2, 53000] loss: 0.029
[2, 53200] loss: 0.032
[2, 53400] loss: 0.031
[2, 53600] loss: 0.031
[2, 53800] loss: 0.031
[2, 54000] loss: 0.030
test loss: 0.0309
[2, 54200] loss: 0.032
[2, 54400] loss: 0.030
[2, 54600] loss: 0.032
[2, 54800] loss: 0.032
[2, 55000] loss: 0.032
[2, 55200] loss: 0.031
[2, 55400] loss: 0.031
[2, 55600] loss: 0.030
[2, 55800] loss: 0.030
[2, 56000] loss: 0.032
[2, 56200] loss: 0.030
[2, 56400] loss: 0.030
[2, 56600] loss: 0.031
[3,   200] loss: 0.029
[3,   400] loss: 0.030
[3,   600] loss: 0.030
[3,   800] loss: 0.030
[3,  1000] loss: 0.029
[3,  1200] loss: 0.030
[3,  1400] loss: 0.030
[3,  1600] loss: 0.030
[3,  1800] loss: 0.031
[3,  2000] loss: 0.031
[3,  2200] loss: 0.030
[3,  2400] loss: 0.030
[3,  2600] loss: 0.029
[3,  2800] loss: 0.030
[3,  3000] loss: 0.031
test loss: 0.0287
[3,  3200] loss: 0.029
[3,  3400] loss: 0.030
[3,  3600] loss: 0.030
[3,  3800] loss: 0.029
[3,  4000] loss: 0.031
[3,  4200] loss: 0.032
[3,  4400] loss: 0.030
[3,  4600] loss: 0.030
[3,  4800] loss: 0.030
[3,  5000] loss: 0.029
[3,  5200] loss: 0.031
[3,  5400] loss: 0.029
[3,  5600] loss: 0.029
[3,  5800] loss: 0.030
[3,  6000] loss: 0.030
test loss: 0.0327
[3,  6200] loss: 0.030
[3,  6400] loss: 0.029
[3,  6600] loss: 0.031
[3,  6800] loss: 0.029
[3,  7000] loss: 0.030
[3,  7200] loss: 0.030
[3,  7400] loss: 0.030
[3,  7600] loss: 0.031
[3,  7800] loss: 0.030
[3,  8000] loss: 0.031
[3,  8200] loss: 0.031
[3,  8400] loss: 0.031
[3,  8600] loss: 0.029
[3,  8800] loss: 0.030
[3,  9000] loss: 0.030
test loss: 0.0415
[3,  9200] loss: 0.029
[3,  9400] loss: 0.030
[3,  9600] loss: 0.030
[3,  9800] loss: 0.031
[3, 10000] loss: 0.030
[3, 10200] loss: 0.030
[3, 10400] loss: 0.030
[3, 10600] loss: 0.031
[3, 10800] loss: 0.029
[3, 11000] loss: 0.031
[3, 11200] loss: 0.028
[3, 11400] loss: 0.030
[3, 11600] loss: 0.030
[3, 11800] loss: 0.030
[3, 12000] loss: 0.030
test loss: 0.0342
[3, 12200] loss: 0.030
[3, 12400] loss: 0.030
[3, 12600] loss: 0.031
[3, 12800] loss: 0.031
[3, 13000] loss: 0.030
[3, 13200] loss: 0.029
[3, 13400] loss: 0.030
[3, 13600] loss: 0.030
[3, 13800] loss: 0.030
[3, 14000] loss: 0.029
[3, 14200] loss: 0.030
[3, 14400] loss: 0.029
[3, 14600] loss: 0.031
[3, 14800] loss: 0.029
[3, 15000] loss: 0.029
test loss: 0.0346
[3, 15200] loss: 0.030
[3, 15400] loss: 0.030
[3, 15600] loss: 0.030
[3, 15800] loss: 0.029
[3, 16000] loss: 0.030
[3, 16200] loss: 0.032
[3, 16400] loss: 0.031
[3, 16600] loss: 0.029
[3, 16800] loss: 0.030
[3, 17000] loss: 0.028
[3, 17200] loss: 0.027
[3, 17400] loss: 0.030
[3, 17600] loss: 0.030
[3, 17800] loss: 0.030
[3, 18000] loss: 0.030
test loss: 0.0267
[3, 18200] loss: 0.030
[3, 18400] loss: 0.031
[3, 18600] loss: 0.030
[3, 18800] loss: 0.029
[3, 19000] loss: 0.029
[3, 19200] loss: 0.030
[3, 19400] loss: 0.028
[3, 19600] loss: 0.031
[3, 19800] loss: 0.030
[3, 20000] loss: 0.029
[3, 20200] loss: 0.031
[3, 20400] loss: 0.030
[3, 20600] loss: 0.029
[3, 20800] loss: 0.029
[3, 21000] loss: 0.030
test loss: 0.0283
[3, 21200] loss: 0.029
[3, 21400] loss: 0.029
[3, 21600] loss: 0.029
[3, 21800] loss: 0.030
[3, 22000] loss: 0.029
[3, 22200] loss: 0.030
[3, 22400] loss: 0.029
[3, 22600] loss: 0.028
[3, 22800] loss: 0.028
[3, 23000] loss: 0.029
[3, 23200] loss: 0.029
[3, 23400] loss: 0.031
[3, 23600] loss: 0.030
[3, 23800] loss: 0.029
[3, 24000] loss: 0.030
test loss: 0.0278
[3, 24200] loss: 0.028
[3, 24400] loss: 0.031
[3, 24600] loss: 0.030
[3, 24800] loss: 0.031
[3, 25000] loss: 0.030
[3, 25200] loss: 0.029
[3, 25400] loss: 0.029
[3, 25600] loss: 0.028
[3, 25800] loss: 0.030
[3, 26000] loss: 0.030
[3, 26200] loss: 0.028
[3, 26400] loss: 0.030
[3, 26600] loss: 0.029
[3, 26800] loss: 0.028
[3, 27000] loss: 0.030
test loss: 0.0315
[3, 27200] loss: 0.028
[3, 27400] loss: 0.029
[3, 27600] loss: 0.029
[3, 27800] loss: 0.030
[3, 28000] loss: 0.028
[3, 28200] loss: 0.027
[3, 28400] loss: 0.029
[3, 28600] loss: 0.030
[3, 28800] loss: 0.030
[3, 29000] loss: 0.028
[3, 29200] loss: 0.029
[3, 29400] loss: 0.029
[3, 29600] loss: 0.029
[3, 29800] loss: 0.030
[3, 30000] loss: 0.031
test loss: 0.024
[3, 30200] loss: 0.029
[3, 30400] loss: 0.029
[3, 30600] loss: 0.030
[3, 30800] loss: 0.029
[3, 31000] loss: 0.030
[3, 31200] loss: 0.029
[3, 31400] loss: 0.029
[3, 31600] loss: 0.029
[3, 31800] loss: 0.027
[3, 32000] loss: 0.029
[3, 32200] loss: 0.029
[3, 32400] loss: 0.028
[3, 32600] loss: 0.028
[3, 32800] loss: 0.028
[3, 33000] loss: 0.028
test loss: 0.0274
[3, 33200] loss: 0.029
[3, 33400] loss: 0.030
[3, 33600] loss: 0.028
[3, 33800] loss: 0.029
[3, 34000] loss: 0.029
[3, 34200] loss: 0.029
[3, 34400] loss: 0.030
[3, 34600] loss: 0.028
[3, 34800] loss: 0.029
[3, 35000] loss: 0.028
[3, 35200] loss: 0.029
[3, 35400] loss: 0.028
[3, 35600] loss: 0.029
[3, 35800] loss: 0.029
[3, 36000] loss: 0.030
test loss: 0.0279
[3, 36200] loss: 0.028
[3, 36400] loss: 0.029
[3, 36600] loss: 0.029
[3, 36800] loss: 0.028
[3, 37000] loss: 0.028
[3, 37200] loss: 0.030
[3, 37400] loss: 0.030
[3, 37600] loss: 0.029
[3, 37800] loss: 0.029
[3, 38000] loss: 0.029
[3, 38200] loss: 0.026
[3, 38400] loss: 0.027
[3, 38600] loss: 0.029
[3, 38800] loss: 0.029
[3, 39000] loss: 0.029
test loss: 0.0299
[3, 39200] loss: 0.028
[3, 39400] loss: 0.029
[3, 39600] loss: 0.029
[3, 39800] loss: 0.028
[3, 40000] loss: 0.027
[3, 40200] loss: 0.030
[3, 40400] loss: 0.030
[3, 40600] loss: 0.028
[3, 40800] loss: 0.029
[3, 41000] loss: 0.029
[3, 41200] loss: 0.030
[3, 41400] loss: 0.028
[3, 41600] loss: 0.029
[3, 41800] loss: 0.029
[3, 42000] loss: 0.028
test loss: 0.0271
[3, 42200] loss: 0.027
[3, 42400] loss: 0.029
[3, 42600] loss: 0.027
[3, 42800] loss: 0.029
[3, 43000] loss: 0.029
[3, 43200] loss: 0.029
[3, 43400] loss: 0.028
[3, 43600] loss: 0.029
[3, 43800] loss: 0.030
[3, 44000] loss: 0.028
[3, 44200] loss: 0.028
[3, 44400] loss: 0.029
[3, 44600] loss: 0.029
[3, 44800] loss: 0.029
[3, 45000] loss: 0.028
test loss: 0.0319
[3, 45200] loss: 0.029
[3, 45400] loss: 0.029
[3, 45600] loss: 0.029
[3, 45800] loss: 0.029
[3, 46000] loss: 0.028
[3, 46200] loss: 0.030
[3, 46400] loss: 0.028
[3, 46600] loss: 0.028
[3, 46800] loss: 0.029
[3, 47000] loss: 0.028
[3, 47200] loss: 0.028
[3, 47400] loss: 0.028
[3, 47600] loss: 0.030
[3, 47800] loss: 0.029
[3, 48000] loss: 0.029
test loss: 0.0302
[3, 48200] loss: 0.029
[3, 48400] loss: 0.028
[3, 48600] loss: 0.027
[3, 48800] loss: 0.027
[3, 49000] loss: 0.027
[3, 49200] loss: 0.029
[3, 49400] loss: 0.028
[3, 49600] loss: 0.029
[3, 49800] loss: 0.030
[3, 50000] loss: 0.030
[3, 50200] loss: 0.028
[3, 50400] loss: 0.029
[3, 50600] loss: 0.029
[3, 50800] loss: 0.027
[3, 51000] loss: 0.028
test loss: 0.0285
[3, 51200] loss: 0.026
[3, 51400] loss: 0.028
[3, 51600] loss: 0.028
[3, 51800] loss: 0.029
[3, 52000] loss: 0.028
[3, 52200] loss: 0.030
[3, 52400] loss: 0.028
[3, 52600] loss: 0.029
[3, 52800] loss: 0.028
[3, 53000] loss: 0.028
[3, 53200] loss: 0.027
[3, 53400] loss: 0.027
[3, 53600] loss: 0.027
[3, 53800] loss: 0.029
[3, 54000] loss: 0.027
test loss: 0.0258
[3, 54200] loss: 0.028
[3, 54400] loss: 0.028
[3, 54600] loss: 0.028
[3, 54800] loss: 0.029
[3, 55000] loss: 0.029
[3, 55200] loss: 0.028
[3, 55400] loss: 0.028
[3, 55600] loss: 0.028
[3, 55800] loss: 0.028
[3, 56000] loss: 0.029
[3, 56200] loss: 0.028
[3, 56400] loss: 0.029
[3, 56600] loss: 0.028
[4,   200] loss: 0.027
[4,   400] loss: 0.027
[4,   600] loss: 0.028
[4,   800] loss: 0.026
[4,  1000] loss: 0.026
[4,  1200] loss: 0.026
[4,  1400] loss: 0.028
[4,  1600] loss: 0.027
[4,  1800] loss: 0.028
[4,  2000] loss: 0.028
[4,  2200] loss: 0.027
[4,  2400] loss: 0.028
[4,  2600] loss: 0.026
[4,  2800] loss: 0.028
[4,  3000] loss: 0.027
test loss: 0.0301
[4,  3200] loss: 0.027
[4,  3400] loss: 0.027
[4,  3600] loss: 0.027
[4,  3800] loss: 0.029
[4,  4000] loss: 0.028
[4,  4200] loss: 0.027
[4,  4400] loss: 0.028
[4,  4600] loss: 0.027
[4,  4800] loss: 0.028
[4,  5000] loss: 0.027
[4,  5200] loss: 0.027
[4,  5400] loss: 0.027
[4,  5600] loss: 0.026
[4,  5800] loss: 0.028
[4,  6000] loss: 0.028
test loss: 0.0221
[4,  6200] loss: 0.025
[4,  6400] loss: 0.027
[4,  6600] loss: 0.028
[4,  6800] loss: 0.028
[4,  7000] loss: 0.026
[4,  7200] loss: 0.027
[4,  7400] loss: 0.028
[4,  7600] loss: 0.028
[4,  7800] loss: 0.028
[4,  8000] loss: 0.026
[4,  8200] loss: 0.028
[4,  8400] loss: 0.026
[4,  8600] loss: 0.026
[4,  8800] loss: 0.026
[4,  9000] loss: 0.028
test loss: 0.0293
[4,  9200] loss: 0.028
[4,  9400] loss: 0.029
[4,  9600] loss: 0.026
[4,  9800] loss: 0.027
[4, 10000] loss: 0.026
[4, 10200] loss: 0.028
[4, 10400] loss: 0.025
[4, 10600] loss: 0.028
[4, 10800] loss: 0.029
[4, 11000] loss: 0.027
[4, 11200] loss: 0.027
[4, 11400] loss: 0.026
[4, 11600] loss: 0.027
[4, 11800] loss: 0.027
[4, 12000] loss: 0.027
test loss: 0.0276
[4, 12200] loss: 0.027
[4, 12400] loss: 0.028
[4, 12600] loss: 0.027
[4, 12800] loss: 0.028
[4, 13000] loss: 0.025
[4, 13200] loss: 0.026
[4, 13400] loss: 0.027
[4, 13600] loss: 0.027
[4, 13800] loss: 0.028
[4, 14000] loss: 0.028
[4, 14200] loss: 0.028
[4, 14400] loss: 0.027
[4, 14600] loss: 0.027
[4, 14800] loss: 0.027
[4, 15000] loss: 0.026
test loss: 0.0208
[4, 15200] loss: 0.027
[4, 15400] loss: 0.026
[4, 15600] loss: 0.026
[4, 15800] loss: 0.027
[4, 16000] loss: 0.027
[4, 16200] loss: 0.027
[4, 16400] loss: 0.027
[4, 16600] loss: 0.027
[4, 16800] loss: 0.028
[4, 17000] loss: 0.028
[4, 17200] loss: 0.026
[4, 17400] loss: 0.025
[4, 17600] loss: 0.027
[4, 17800] loss: 0.029
[4, 18000] loss: 0.027
test loss: 0.0224
[4, 18200] loss: 0.030
[4, 18400] loss: 0.028
[4, 18600] loss: 0.029
[4, 18800] loss: 0.027
[4, 19000] loss: 0.029
[4, 19200] loss: 0.028
[4, 19400] loss: 0.027
[4, 19600] loss: 0.028
[4, 19800] loss: 0.027
[4, 20000] loss: 0.028
[4, 20200] loss: 0.026
[4, 20400] loss: 0.027
[4, 20600] loss: 0.027
[4, 20800] loss: 0.027
[4, 21000] loss: 0.027
test loss: 0.029
[4, 21200] loss: 0.027
[4, 21400] loss: 0.027
[4, 21600] loss: 0.027
[4, 21800] loss: 0.027
[4, 22000] loss: 0.028
[4, 22200] loss: 0.028
[4, 22400] loss: 0.027
[4, 22600] loss: 0.027
[4, 22800] loss: 0.025
[4, 23000] loss: 0.026
[4, 23200] loss: 0.027
[4, 23400] loss: 0.027
[4, 23600] loss: 0.026
[4, 23800] loss: 0.026
[4, 24000] loss: 0.027
test loss: 0.0236
[4, 24200] loss: 0.027
[4, 24400] loss: 0.027
[4, 24600] loss: 0.026
[4, 24800] loss: 0.026
[4, 25000] loss: 0.027
[4, 25200] loss: 0.027
[4, 25400] loss: 0.028
[4, 25600] loss: 0.027
[4, 25800] loss: 0.028
[4, 26000] loss: 0.025
[4, 26200] loss: 0.028
[4, 26400] loss: 0.027
[4, 26600] loss: 0.028
[4, 26800] loss: 0.026
[4, 27000] loss: 0.028
test loss: 0.0282
[4, 27200] loss: 0.026
[4, 27400] loss: 0.027
[4, 27600] loss: 0.025
[4, 27800] loss: 0.027
[4, 28000] loss: 0.026
[4, 28200] loss: 0.027
[4, 28400] loss: 0.025
[4, 28600] loss: 0.027
[4, 28800] loss: 0.028
[4, 29000] loss: 0.027
[4, 29200] loss: 0.027
[4, 29400] loss: 0.027
[4, 29600] loss: 0.028
[4, 29800] loss: 0.027
[4, 30000] loss: 0.027
test loss: 0.0279
[4, 30200] loss: 0.028
[4, 30400] loss: 0.026
[4, 30600] loss: 0.028
[4, 30800] loss: 0.027
[4, 31000] loss: 0.026
[4, 31200] loss: 0.028
[4, 31400] loss: 0.028
[4, 31600] loss: 0.026
[4, 31800] loss: 0.027
[4, 32000] loss: 0.027
[4, 32200] loss: 0.028
[4, 32400] loss: 0.027
[4, 32600] loss: 0.027
[4, 32800] loss: 0.027
[4, 33000] loss: 0.027
test loss: 0.034
[4, 33200] loss: 0.028
[4, 33400] loss: 0.026
[4, 33600] loss: 0.026
[4, 33800] loss: 0.028
[4, 34000] loss: 0.026
[4, 34200] loss: 0.028
[4, 34400] loss: 0.026
[4, 34600] loss: 0.028
[4, 34800] loss: 0.027
[4, 35000] loss: 0.027
[4, 35200] loss: 0.028
[4, 35400] loss: 0.029
[4, 35600] loss: 0.027
[4, 35800] loss: 0.028
[4, 36000] loss: 0.026
test loss: 0.0247
[4, 36200] loss: 0.026
[4, 36400] loss: 0.027
[4, 36600] loss: 0.026
[4, 36800] loss: 0.027
[4, 37000] loss: 0.027
[4, 37200] loss: 0.027
[4, 37400] loss: 0.027
[4, 37600] loss: 0.028
[4, 37800] loss: 0.025
[4, 38000] loss: 0.026
[4, 38200] loss: 0.026
[4, 38400] loss: 0.025
[4, 38600] loss: 0.027
[4, 38800] loss: 0.027
[4, 39000] loss: 0.026
test loss: 0.0311
[4, 39200] loss: 0.027
[4, 39400] loss: 0.026
[4, 39600] loss: 0.026
[4, 39800] loss: 0.027
[4, 40000] loss: 0.026
[4, 40200] loss: 0.027
[4, 40400] loss: 0.029
[4, 40600] loss: 0.025
[4, 40800] loss: 0.028
[4, 41000] loss: 0.025
[4, 41200] loss: 0.027
[4, 41400] loss: 0.025
[4, 41600] loss: 0.027
[4, 41800] loss: 0.026
[4, 42000] loss: 0.027
test loss: 0.0218
[4, 42200] loss: 0.025
[4, 42400] loss: 0.026
[4, 42600] loss: 0.028
[4, 42800] loss: 0.026
[4, 43000] loss: 0.026
[4, 43200] loss: 0.026
[4, 43400] loss: 0.026
[4, 43600] loss: 0.027
[4, 43800] loss: 0.027
[4, 44000] loss: 0.026
[4, 44200] loss: 0.026
[4, 44400] loss: 0.026
[4, 44600] loss: 0.026
[4, 44800] loss: 0.027
[4, 45000] loss: 0.027
test loss: 0.022
[4, 45200] loss: 0.025
[4, 45400] loss: 0.027
[4, 45600] loss: 0.023
[4, 45800] loss: 0.026
[4, 46000] loss: 0.026
[4, 46200] loss: 0.026
[4, 46400] loss: 0.025
[4, 46600] loss: 0.025
[4, 46800] loss: 0.026
[4, 47000] loss: 0.026
[4, 47200] loss: 0.027
[4, 47400] loss: 0.027
[4, 47600] loss: 0.025
[4, 47800] loss: 0.027
[4, 48000] loss: 0.026
test loss: 0.0247
[4, 48200] loss: 0.025
[4, 48400] loss: 0.026
[4, 48600] loss: 0.025
[4, 48800] loss: 0.025
[4, 49000] loss: 0.026
[4, 49200] loss: 0.025
[4, 49400] loss: 0.027
[4, 49600] loss: 0.026
[4, 49800] loss: 0.026
[4, 50000] loss: 0.026
[4, 50200] loss: 0.026
[4, 50400] loss: 0.026
[4, 50600] loss: 0.026
[4, 50800] loss: 0.026
[4, 51000] loss: 0.027
test loss: 0.0317
[4, 51200] loss: 0.026
[4, 51400] loss: 0.026
[4, 51600] loss: 0.026
[4, 51800] loss: 0.026
[4, 52000] loss: 0.025
[4, 52200] loss: 0.026
[4, 52400] loss: 0.026
[4, 52600] loss: 0.026
[4, 52800] loss: 0.027
[4, 53000] loss: 0.026
[4, 53200] loss: 0.027
[4, 53400] loss: 0.026
[4, 53600] loss: 0.026
[4, 53800] loss: 0.027
[4, 54000] loss: 0.026
test loss: 0.022
[4, 54200] loss: 0.026
[4, 54400] loss: 0.026
[4, 54600] loss: 0.024
[4, 54800] loss: 0.025
[4, 55000] loss: 0.026
[4, 55200] loss: 0.025
[4, 55400] loss: 0.025
[4, 55600] loss: 0.026
[4, 55800] loss: 0.028
[4, 56000] loss: 0.027
[4, 56200] loss: 0.025
[4, 56400] loss: 0.026
[4, 56600] loss: 0.027
[5,   200] loss: 0.025
[5,   400] loss: 0.026
[5,   600] loss: 0.026
[5,   800] loss: 0.025
[5,  1000] loss: 0.026
[5,  1200] loss: 0.025
[5,  1400] loss: 0.025
[5,  1600] loss: 0.026
[5,  1800] loss: 0.024
[5,  2000] loss: 0.026
[5,  2200] loss: 0.025
[5,  2400] loss: 0.024
[5,  2600] loss: 0.025
[5,  2800] loss: 0.025
[5,  3000] loss: 0.026
test loss: 0.025
[5,  3200] loss: 0.025
[5,  3400] loss: 0.025
[5,  3600] loss: 0.026
[5,  3800] loss: 0.025
[5,  4000] loss: 0.025
[5,  4200] loss: 0.024
[5,  4400] loss: 0.025
[5,  4600] loss: 0.026
[5,  4800] loss: 0.025
[5,  5000] loss: 0.026
[5,  5200] loss: 0.025
[5,  5400] loss: 0.026
[5,  5600] loss: 0.025
[5,  5800] loss: 0.025
[5,  6000] loss: 0.026
test loss: 0.0235
[5,  6200] loss: 0.026
[5,  6400] loss: 0.024
[5,  6600] loss: 0.026
[5,  6800] loss: 0.025
[5,  7000] loss: 0.024
[5,  7200] loss: 0.025
[5,  7400] loss: 0.024
[5,  7600] loss: 0.025
[5,  7800] loss: 0.025
[5,  8000] loss: 0.025
[5,  8200] loss: 0.026
[5,  8400] loss: 0.025
[5,  8600] loss: 0.025
[5,  8800] loss: 0.026
[5,  9000] loss: 0.025
test loss: 0.0289
[5,  9200] loss: 0.024
[5,  9400] loss: 0.024
[5,  9600] loss: 0.025
[5,  9800] loss: 0.025
[5, 10000] loss: 0.026
[5, 10200] loss: 0.025
[5, 10400] loss: 0.026
[5, 10600] loss: 0.026
[5, 10800] loss: 0.025
[5, 11000] loss: 0.025
[5, 11200] loss: 0.027
[5, 11400] loss: 0.025
[5, 11600] loss: 0.025
[5, 11800] loss: 0.025
[5, 12000] loss: 0.026
test loss: 0.0251
[5, 12200] loss: 0.025
[5, 12400] loss: 0.026
[5, 12600] loss: 0.024
[5, 12800] loss: 0.025
[5, 13000] loss: 0.025
[5, 13200] loss: 0.026
[5, 13400] loss: 0.025
[5, 13600] loss: 0.025
[5, 13800] loss: 0.025
[5, 14000] loss: 0.025
[5, 14200] loss: 0.026
[5, 14400] loss: 0.024
[5, 14600] loss: 0.026
[5, 14800] loss: 0.025
[5, 15000] loss: 0.026
test loss: 0.0269
[5, 15200] loss: 0.026
[5, 15400] loss: 0.025
[5, 15600] loss: 0.024
[5, 15800] loss: 0.026
[5, 16000] loss: 0.025
[5, 16200] loss: 0.025
[5, 16400] loss: 0.025
[5, 16600] loss: 0.026
[5, 16800] loss: 0.025
[5, 17000] loss: 0.026
[5, 17200] loss: 0.024
[5, 17400] loss: 0.026
[5, 17600] loss: 0.026
[5, 17800] loss: 0.026
[5, 18000] loss: 0.024
test loss: 0.0234
[5, 18200] loss: 0.024
[5, 18400] loss: 0.025
[5, 18600] loss: 0.025
[5, 18800] loss: 0.024
[5, 19000] loss: 0.025
[5, 19200] loss: 0.025
[5, 19400] loss: 0.025
[5, 19600] loss: 0.024
[5, 19800] loss: 0.026
[5, 20000] loss: 0.026
[5, 20200] loss: 0.024
[5, 20400] loss: 0.025
[5, 20600] loss: 0.025
[5, 20800] loss: 0.026
[5, 21000] loss: 0.025
test loss: 0.0252
[5, 21200] loss: 0.025
[5, 21400] loss: 0.025
[5, 21600] loss: 0.025
[5, 21800] loss: 0.025
[5, 22000] loss: 0.026
[5, 22200] loss: 0.025
[5, 22400] loss: 0.025
[5, 22600] loss: 0.024
[5, 22800] loss: 0.025
[5, 23000] loss: 0.024
[5, 23200] loss: 0.025
[5, 23400] loss: 0.025
[5, 23600] loss: 0.025
[5, 23800] loss: 0.025
[5, 24000] loss: 0.025
test loss: 0.0249
[5, 24200] loss: 0.026
[5, 24400] loss: 0.024
[5, 24600] loss: 0.025
[5, 24800] loss: 0.025
[5, 25000] loss: 0.025
[5, 25200] loss: 0.025
[5, 25400] loss: 0.025
[5, 25600] loss: 0.025
[5, 25800] loss: 0.024
[5, 26000] loss: 0.026
[5, 26200] loss: 0.027
[5, 26400] loss: 0.024
[5, 26600] loss: 0.024
[5, 26800] loss: 0.025
[5, 27000] loss: 0.025
test loss: 0.0274
[5, 27200] loss: 0.023
[5, 27400] loss: 0.025
[5, 27600] loss: 0.026
[5, 27800] loss: 0.024
[5, 28000] loss: 0.026
[5, 28200] loss: 0.025
[5, 28400] loss: 0.025
[5, 28600] loss: 0.025
[5, 28800] loss: 0.025
[5, 29000] loss: 0.026
[5, 29200] loss: 0.026
[5, 29400] loss: 0.024
[5, 29600] loss: 0.025
[5, 29800] loss: 0.025
[5, 30000] loss: 0.024
test loss: 0.0158
[5, 30200] loss: 0.024
[5, 30400] loss: 0.024
[5, 30600] loss: 0.027
[5, 30800] loss: 0.025
[5, 31000] loss: 0.025
[5, 31200] loss: 0.026
[5, 31400] loss: 0.024
[5, 31600] loss: 0.026
[5, 31800] loss: 0.024
[5, 32000] loss: 0.024
[5, 32200] loss: 0.025
[5, 32400] loss: 0.025
[5, 32600] loss: 0.024
[5, 32800] loss: 0.025
[5, 33000] loss: 0.024
test loss: 0.0228
[5, 33200] loss: 0.025
[5, 33400] loss: 0.025
[5, 33600] loss: 0.024
[5, 33800] loss: 0.026
[5, 34000] loss: 0.025
[5, 34200] loss: 0.025
[5, 34400] loss: 0.025
[5, 34600] loss: 0.024
[5, 34800] loss: 0.025
[5, 35000] loss: 0.025
[5, 35200] loss: 0.024
[5, 35400] loss: 0.024
[5, 35600] loss: 0.025
[5, 35800] loss: 0.025
[5, 36000] loss: 0.024
test loss: 0.0255
[5, 36200] loss: 0.024
[5, 36400] loss: 0.026
[5, 36600] loss: 0.025
[5, 36800] loss: 0.024
[5, 37000] loss: 0.024
[5, 37200] loss: 0.025
[5, 37400] loss: 0.024
[5, 37600] loss: 0.025
[5, 37800] loss: 0.025
[5, 38000] loss: 0.026
[5, 38200] loss: 0.026
[5, 38400] loss: 0.025
[5, 38600] loss: 0.025
[5, 38800] loss: 0.025
[5, 39000] loss: 0.024
test loss: 0.023
[5, 39200] loss: 0.025
[5, 39400] loss: 0.025
[5, 39600] loss: 0.025
[5, 39800] loss: 0.025
[5, 40000] loss: 0.025
[5, 40200] loss: 0.025
[5, 40400] loss: 0.025
[5, 40600] loss: 0.023
[5, 40800] loss: 0.025
[5, 41000] loss: 0.024
[5, 41200] loss: 0.025
[5, 41400] loss: 0.025
[5, 41600] loss: 0.025
[5, 41800] loss: 0.025
[5, 42000] loss: 0.025
test loss: 0.0262
[5, 42200] loss: 0.025
[5, 42400] loss: 0.024
[5, 42600] loss: 0.024
[5, 42800] loss: 0.024
[5, 43000] loss: 0.024
[5, 43200] loss: 0.024
[5, 43400] loss: 0.023
[5, 43600] loss: 0.024
[5, 43800] loss: 0.026
[5, 44000] loss: 0.025
[5, 44200] loss: 0.025
[5, 44400] loss: 0.025
[5, 44600] loss: 0.024
[5, 44800] loss: 0.025
[5, 45000] loss: 0.024
test loss: 0.0252
[5, 45200] loss: 0.024
[5, 45400] loss: 0.023
[5, 45600] loss: 0.025
[5, 45800] loss: 0.025
[5, 46000] loss: 0.026
[5, 46200] loss: 0.026
[5, 46400] loss: 0.025
[5, 46600] loss: 0.023
[5, 46800] loss: 0.025
[5, 47000] loss: 0.023
[5, 47200] loss: 0.024
[5, 47400] loss: 0.024
[5, 47600] loss: 0.024
[5, 47800] loss: 0.025
[5, 48000] loss: 0.025
test loss: 0.0215
[5, 48200] loss: 0.023
[5, 48400] loss: 0.025
[5, 48600] loss: 0.025
[5, 48800] loss: 0.025
[5, 49000] loss: 0.024
[5, 49200] loss: 0.023
[5, 49400] loss: 0.025
[5, 49600] loss: 0.025
[5, 49800] loss: 0.026
[5, 50000] loss: 0.023
[5, 50200] loss: 0.026
[5, 50400] loss: 0.025
[5, 50600] loss: 0.024
[5, 50800] loss: 0.024
[5, 51000] loss: 0.024
test loss: 0.0215
[5, 51200] loss: 0.024
[5, 51400] loss: 0.025
[5, 51600] loss: 0.025
[5, 51800] loss: 0.024
[5, 52000] loss: 0.024
[5, 52200] loss: 0.025
[5, 52400] loss: 0.025
[5, 52600] loss: 0.025
[5, 52800] loss: 0.024
[5, 53000] loss: 0.025
[5, 53200] loss: 0.024
[5, 53400] loss: 0.024
[5, 53600] loss: 0.024
[5, 53800] loss: 0.024
[5, 54000] loss: 0.025
test loss: 0.0257
[5, 54200] loss: 0.025
[5, 54400] loss: 0.024
[5, 54600] loss: 0.025
[5, 54800] loss: 0.023
[5, 55000] loss: 0.025
[5, 55200] loss: 0.025
[5, 55400] loss: 0.024
[5, 55600] loss: 0.024
[5, 55800] loss: 0.024
[5, 56000] loss: 0.025
[5, 56200] loss: 0.024
[5, 56400] loss: 0.025
[5, 56600] loss: 0.024
[6,   200] loss: 0.024
[6,   400] loss: 0.024
[6,   600] loss: 0.022
[6,   800] loss: 0.023
[6,  1000] loss: 0.024
[6,  1200] loss: 0.024
[6,  1400] loss: 0.023
[6,  1600] loss: 0.024
[6,  1800] loss: 0.024